PriceDate : 20170808
NotionalAMT : 10000.000000
UnderlyingPrice : 130.000000, 150.000000, 130.000000, 150.000000, 130.000000, 150.000000
TCurveInfo : 1.000000, 2.000000, 3.000000, 1.000000, 2.000000, 3.000000, 1.000000, 2.000000, 3.000000, 1.000000, 2.000000, 3.000000
CurveInfo : 0.035138, 0.035138, 0.035138, -0.005200, -0.005200, -0.005200, -0.000100, -0.000100, -0.000100, 0.035138, 0.035138, 0.035138
NT : 3, 3, 3, 3
TVol : 1.000000, 2.000000, 1.000000, 2.000000, 1.000000, 2.000000
Parity : 0.900000, 1.000000, 1.100000, 0.900000, 1.000000, 1.100000, 0.900000, 1.000000, 1.100000
LocalVolSurface : 0.200000, 0.200000, 0.200000, 0.200000, 0.200000, 0.200000, 0.200000, 0.200000, 0.200000, 0.200000, 0.200000, 0.200000, 0.200000, 0.200000, 0.200000, 0.200000, 0.200000, 0.200000
NVol : 2, 2, 2
NParity : 3, 3, 3
UnderlyingCorr : 1.000000, 0.000000, 0.000000, 0.000000, 1.000000, 0.000000, 0.000000, 0.000000, 1.000000
TDiv : 100, 100, 200, 100, 200, 300
Div : 0.035138, 0.035138, 0.035138, 5.000000, 5.000000, 5.000000
NDiv : 1, 2, 3
Div_TypeFlag : 0, 1, 2
FX_TVol : 1.000000, 2.000000, 3.000000, 1.000000, 2.000000, 3.000000, 1.000000, 2.000000, 3.000000
FX_Vol : 0.035138, 0.035138, 0.035138, 0.035138, 0.035138, 0.035138, 0.035138, 0.035138, 0.035138
FX_NVol : 3, 3, 3
FX_Corr : 0.500000, 0.500000, 0.500000
QuantoFlag : 0, 1, 2
NStock : 3
NStrike : 6
X : 0.900000, 0.900000, 0.900000, 0.900000, 0.900000, 0.900000, 0.800000, 0.800000, 0.800000, 0.800000, 0.800000, 0.800000, 0.700000, 0.700000, 0.700000, 0.700000, 0.700000, 0.700000, 0.900000, 0.900000, 0.900000, 0.900000, 0.900000, 0.900000, 0.800000, 0.800000, 0.800000, 0.800000, 0.800000, 0.800000, 0.700000, 0.700000, 0.700000, 0.700000, 0.700000, 0.700000, 0.900000, 0.900000, 0.900000, 0.900000, 0.900000, 0.900000, 0.800000, 0.800000, 0.800000, 0.800000, 0.800000, 0.800000, 0.700000, 0.700000, 0.700000, 0.700000, 0.700000, 0.700000, 0.000000, 0.000000, 0.002778, 0.030556, 0.044444, 0.069444, 0.094444, 0.180556, 0.266667, 0.350000, 0.436111, 0.519444, 0.605556, 0.691667, 0.769444, 0.855556, 0.938889, 1.025000
KO_Barrier : 0.900000, 0.900000, 0.900000, 0.900000, 0.900000, 0.900000
KI_Barrier : 0.500000, 0.500000, 0.500000
PayOffSlope : 0.000000, 0.000000, 0.000000, 0.000000, 0.000000, 0.000000, 0.000000, 1.000000, 0.000000, 0.000000, 0.000000, 0.000000, 0.000000, 0.000000, 0.000000, 1.000000, 0.000000, 0.000000, 0.000000, 0.000000, 0.000000, 0.000000, 0.000000, 1.000000, 0.000000, 0.000000, 0.000000, 0.000000, 0.000000, 0.000000, 0.000000, 1.000000
PayOffAmount : 0.000000, 0.000000, 0.000000, 0.000000, 0.000000, 0.000000, 0.000000, 0.000000, 0.000000, 0.000000, 0.000000, 0.000000, 0.000000, 0.000000, 0.000000, 0.000000, 0.000000, 0.000000, 0.000000, 0.000000, 0.000000, 0.000000, 0.000000, 0.000000, 0.000000, 0.000000, 0.000000, 0.000000, 0.000000, 0.000000, 0.000000, 0.000000
DatesInfo : 20170810, 20180210, 20180810, 20190210, 20190810, 20200210, 20170813, 20180213, 20180813, 20190213, 20190813, 20200213, 1, 1, 1, 1, 1, 1, 1, 1, 1, 1, 1, 1
RedemCoupon : 0.000000, 0.000000, 0.000000, 0.000000, 0.000000
KnockBarrierFlag : 0, 0
BestWorstFlag : 1
BeKO_Hitted : 0, 0, 0
BeKI_Hitted : 0
NCoupon : 6
CouponBarrier : 0.000000, 0.000000, 0.000000, 0.000000, 0.000000, 0.000000
Coupon : 0.010000, 0.010000, 0.010000, 0.010000, 0.010000, 0.010000
CouponDatesInfo : 20170810, 20180210, 20180810, 20190210, 20190810, 20200210, 20170813, 20180213, 20180813, 20190213, 20190813, 20200213
CouponBarrierFlag : 0
BeCouponBarrierHitted : 0
NTrials : 10000.000000
PayOffLimit : 1.000000, 100.000000
SC : 244.090000, 244.090000, 244.090000
Coupon_SC : 244.090000, 244.090000, 244.090000
FLLongInfo : 1, 1, 33, 33, 96, 0, 2, 1, 0, 12
FLCurveTerm : 0.002778, 0.030556, 0.044444, 0.069444, 0.094444, 0.180556, 0.266667, 0.350000, 0.436111, 0.519444, 0.605556, 0.691667, 0.769444, 0.855556, 0.938889, 1.025000, 1.280556, 1.533333, 1.780556, 2.036111, 3.050000, 4.061111, 5.072222, 6.083333, 7.097222, 8.108333, 9.119444, 10.130556, 11.144444, 12.155556, 15.191667, 20.250000, 25.308333, 0.002778, 0.030556, 4.444444, 0.069444, 0.094444, 0.180556, 0.266667, 0.350000, 0.436111, 0.519444, 0.605556, 0.691667, 0.769444, 0.855556, 0.938889, 1.025000, 1.280556, 1.533333, 1.780556, 2.036111, 3.050000, 4.061111, 5.072222, 6.083333, 7.097222, 8.108333, 9.119444, 10.130556, 11.144444, 2.155556, 15.191667, 20.250000, 25.308333
FLCurveRate : 0.000200, 0.000248, 0.000254, 0.000261, 0.000264, 0.000310, 0.000318, 0.000330, 0.000342, 0.000359, 0.000371, 0.000379, 0.000387, 0.000436, 0.000443, 0.000429, 0.000525, 0.000667, 0.000860, 0.001114, 0.002629, 0.004639, 0.006527, 0.008209, 0.009618, 0.010747, 0.011681, 0.012482, 0.013186, 0.013780, 0.015026, 0.016063, 0.016326, 0.000200, 0.000248, 0.000254, 0.000261, 0.000264, 0.000310, 0.000318, 0.000330, 0.000342, 0.000359, 0.000371, 0.000379, 0.000387, 0.000436, 0.000443, 0.000429, 0.000525, 0.000667, 0.000860, 0.001114, 0.002629, 0.004639, 0.006527, 0.008209, 0.009618, 0.010747, 0.011681, 0.012482, 0.013186, 0.013780, 0.015026, 0.016063, 0.016326
FLCurveDate : 20170504, 20170505, 20170506, 20170507, 20170508, 20170509, 20170510, 20170511, 20170512, 20170513, 20170514, 20170515, 20170516, 20170517, 20170518, 20170519, 20170520, 20170521, 20170522, 20170523, 20170524, 20170525, 20170526, 20170527, 20170528, 20170529, 20170530, 20170531, 20170601, 20170602, 20170603, 20170604, 20170605, 20170606, 20170607, 20170608, 20170609, 20170610, 20170611, 20170612, 20170613, 20170614, 20170615, 20170616, 20170617, 20170618, 20170619, 20170620, 20170621, 20170622, 20170623, 20170624, 20170625, 20170626, 20170627, 20170628, 20170629, 20170630, 20170701, 20170702, 20170703, 20170704, 20170705, 20170706, 20170707, 20170708, 20170709, 20170710, 20170711, 20170712, 20170713, 20170714, 20170715, 20170716, 20170717, 20170718, 20170719, 20170720, 20170721, 20170722, 20170723, 20170724, 20170725, 20170726, 20170727, 20170728, 20170729, 20170730, 20170731, 20170801, 20170802, 20170803, 20170804, 20170805, 20170806, 20170807
HistoryRate : 0.012000, 0.012000, 0.012000, 0.012000, 0.012000, 0.012000, 0.012000, 0.012000, 0.012000, 0.012000, 0.012000, 0.012000, 0.012000, 0.012000, 0.012000, 0.012000, 0.012000, 0.012000, 0.012000, 0.012000, 0.012000, 0.012000, 0.012000, 0.012000, 0.012000, 0.012000, 0.012000, 0.012000, 0.012000, 0.012000, 0.012000, 0.012000, 0.012000, 0.012000, 0.012000, 0.012000, 0.012000, 0.012000, 0.012000, 0.012000, 0.012000, 0.012000, 0.012000, 0.012000, 0.012000, 0.012000, 0.012000, 0.012000, 0.012000, 0.012000, 0.012000, 0.012000, 0.012000, 0.012000, 0.012000, 0.012000, 0.012000, 0.012000, 0.012000, 0.012000, 0.012000, 0.012000, 0.012000, 0.012000, 0.012000, 0.012000, 0.012000, 0.012000, 0.012000, 0.012000, 0.012000, 0.012000, 0.012000, 0.012000, 0.012000, 0.012000, 0.012000, 0.012000, 0.012000, 0.012000, 0.012000, 0.012000, 0.012000, 0.012000, 0.012000, 0.012000, 0.012000, 0.012000, 0.012000, 0.012000, 0.012000, 0.012000, 0.012000, 0.012000, 0.000000, 0.000000
FLRefRatePeriod : 0.250000
FLResetFixDateInfo : 
FLCouponDateInfo : 
FLCouponInfo : 
CalcFlag : 0, 1
Return : -2085
